0.1	6.295
0.2	6.32988
0.3	6.38644
0.4	6.46275
0.5	6.55656
0.6	6.66519
0.7	6.78644
0.8	6.91775
0.9	7.057
1	7.20284
1.1	7.35331
1.2	7.50734
1.3	7.66383
1.4	7.82198
1.5	7.981
1.6	8.14073
1.7	8.30031
1.8	8.45958
1.9	8.61806
2	8.77598
2.1	8.93281
2.2	9.08853
2.3	9.24297
2.4	9.396
2.5	9.54798
2.6	9.69848
2.7	9.84753
2.8	9.995
2.9	10.1414
3	10.286
3.1	10.4296
3.2	10.5716
3.3	10.712
3.4	10.8514
3.5	10.9893
3.6	11.1258
3.7	11.261
3.8	11.395
3.9	11.5278
4	11.6593
4.1	11.7896
4.2	11.9187
4.3	12.0467
4.4	12.1735
4.5	12.299
4.6	12.4237
4.7	12.5473
4.8	12.6698
4.9	12.7912
5	12.9117
